R \, :=  \, \left(\begin{array}{rrr}1&0&0\\0&\frac{1}{10} \; \sqrt{10 \; \left(\sqrt{5} + 5 \right)}&\frac{-1}{10} \; \sqrt{10 \; \left(-\sqrt{5} + 5 \right)}\\0&\frac{1}{10} \; \sqrt{10 \; \left(-\sqrt{5} + 5 \right)}&\frac{1}{10} \; \sqrt{10 \; \left(\sqrt{5} + 5 \right)}\\\end{array}\right)

N \, :=  \, \left(\begin{array}{rrrrrrrrrrrr}0&0&0&0&1.62&-1.62&-1.62&1.62&1&-1&-1&1\\3.55 \cdot 10^{-15}&-1.7&-3.55 \cdot 10^{-15}&1.7&-0.53&-0.53&0.53&0.53&1.38&1.38&-1.38&-1.38\\1.9&0.85&-1.9&-0.85&0.85&0.85&-0.85&-0.85&0.85&0.85&-0.85&-0.85\\\end{array}\right)

P:={
{0,                       0, 0, 0, (1 / 2 * (sqrt(5) + 1)), (1 / 2 * ((-sqrt(5)) - 1)), (1 / 2 * ((-sqrt(5)) - 1)), (1 / 2 * (sqrt(5) + 1)), 1, -1, -1, 1},
{1,                       -1, -1, 1, 0, 0, 0, 0, (1 / 2 * (sqrt(5) + 1)), (1 / 2 * (sqrt(5) + 1)), (1 / 2 * ((-sqrt(5)) - 1)), (1 / 2 * ((-sqrt(5)) - 1))},
{(1 / 2 * (sqrt(5) + 1)), (1 / 2 * (sqrt(5) + 1)), (1 / 2 * ((-sqrt(5)) - 1)), (1 / 2 * ((-sqrt(5)) - 1)), 1, 1, -1, -1, 0, 0, 0, 0}}

{0,             0,                  0,                       0,                  1.61803398875,     -1.61803398875,     -1.61803398875,      1.61803398875,     1,                 -1,                -1,                 1},
{0,             -1.701301616704,    0,                       1.701301616704,    -0.5257311121191,   -0.5257311121191,    0.5257311121191,    0.5257311121191,   1.376381920471,     1.376381920471,   -1.376381920471,   -1.376381920471},
{1.90211303259, 0.8506508083521,    -1.90211303259,         -0.8506508083521,    0.850650808352,     0.850650808352,    -0.850650808352,    -0.850650808352,    0.8506508083521,    0.8506508083521,  -0.8506508083521,  -0.8506508083521}}


(0, 0,               1.90211303259)
(0, -1.701301616704, 0.8506508083521)
(0, 0,              -1.90211303259)
(0, 1.701301616704, -0.8506508083521)
(1.61803398875, -0.5257311121191,0.850650808352)
(-1.61803398875, -0.5257311121191, 0.850650808352)
(-1.61803398875, 0.5257311121191, -0.850650808352)
(1.61803398875, 0.5257311121191, -0.850650808352)
(1, 1.376381920471, 0.8506508083521)
(-1,  1.376381920471,  0.8506508083521)
(-1, -1.376381920471, -0.8506508083521
(1, -1.376381920471, -0.8506508083521)

{0,             0,              0,              0,             1.61803398875, -1.61803398875, -1.61803398875, 1.61803398875, 1,            -1,             -1,              1},
{1,            -1,             -1,              1,             0,              0,              0,             0,             1.61803398875, 1.61803398875, -1.61803398875, -1.61803398875},
{1.61803398875, 1.61803398875, -1.61803398875, -1.61803398875, 1,              1,              -1,           -1,             0,             0,              0,              0}}

( 0,             1,             1.61803398875 )
( 0,            -1,             1.61803398875 )
( 0,            -1,            -1.61803398875 )
( 0,             1,            -1.61803398875 )
( 1.61803398875, 0,             1             )
(-1.61803398875, 0,             1             )
(-1.61803398875, 0,            -1             )
( 1.61803398875, 0,            -1             )
( 1,             1.61803398875, 0             )
(-1,             1.61803398875, 0             )
(-1,            -1.61803398875, 0             )
( 1,            -1.61803398875, 0             )